Number of intervals, Interval Tree with center intervals, Segment Tree with center intervals,Interval Tree with miss, Segment Tree with miss, Normal Interval Tree, Normal Segment Tree
50,52,67,11.31,19.59,12,18.85
100,102,118.98,13.28,21.48,13.97,20.77
250,252,270.86,15.81,24.05,16.1,23.45
500,502,522.74,17.81,26.11,18.53,25.89
750,752,774.48,18.95,27.09,19.73,27.38
1000,1001.98,1024.5,20.11,28.19,20.43,27.42
2500,2502,2527.7,22.48,30.84,23.02,30.62
5000,5001.99,5029.51,24.39,32.63,25.23,33.01
7500,7501.99,7530.75,25.45,33.61,26.11,33.46
10000,10002,10031.5,26.46,34.58,27.1,34.59
